[Movement]
look_intensity = 3.0
move_intensity = 2.0
forward_intensity = 0.9900497512437811
ads_chance = 0.040000000000000036
jump_chance = 0.04999999999999993
jump_interval = 3.0
weapon_switch_chance = 0.1
weapon_switch_interval = 5.0
strafe_chance = 0.25
forward_bias = 0.4
shoot_chance = 0.09999999999999998
shoot_duration = 0.29799999999999993
crouch_chance = 0.3
x_button_chance = 0.3
x_button_interval = 5.0
min_movement_duration = 4.0
max_movement_duration = 6.04228855721393
min_break_duration = 3.1044776119402986
max_break_duration = 7.014925373134329
 
[AntiAFK]
interval = 60.599999999999994
right_bumper_duration = 0.1359999999999999
left_bumper_duration = 0.1417857142857143
delay_between_buttons = 1.012
